-501  10   20    30    40    50    60    70    80    90    100   110   120   130   140   150
0    -502  10    20    30    40    50    60    70    80    90    100   110   120   130   140
0     0   -503   10    20    30    40    50    60    70    80    90    100   110   120   130
0     0    0    -504   10    20    30    40    50    60    70    80    90    100   110   120
0     0    0     0    -251   10    10    30    40    50    60    70    80    90    100   110
0     0    0     0     0    -252   20    20    30    40    50    60    70    80    90    100
0     0    0     0     0     0    -253   10    20    30    40    50    60    70    80    90
0     0    0     0     0     0     0    -254   10    20    30    40    50    60    70    80
0     0    0     0     0     0     0     0     251   10    20    30    40    50    60    70
0     0    0     0     0     0     0     0     0     252   10    20    30    40    50    60
0     0    0     0     0     0     0     0     0     0     253   10    20    30    40    50
0     0    0     0     0     0     0     0     0     0     0     254   10    20    30    40
0     0    0     0     0     0     0     0     0     0     0     0     501   10    20    30
0     0    0     0     0     0     0     0     0     0     0     0     0     502   10    20     
0     0    0     0     0     0     0     0     0     0     0     0     0     0     503   10
0     0    0     0     0     0     0     0     0     0     0     0     0     0     0     504

