-1.000000e-01 1 4986 
-1.000000e-01 2 3130 
-1.000000e-01 3 3964 
-1.000000e-01 4 628 



-8.000000e-02 1 4986 
-8.000000e-02 2 3130 
-8.000000e-02 3 3964 
-8.000000e-02 4 628 



-6.000000e-02 1 4986 
-6.000000e-02 2 3168 
-6.000000e-02 3 3964 
-6.000000e-02 4 628 



-4.000000e-02 1 4724 
-4.000000e-02 2 3130 
-4.000000e-02 3 3964 
-4.000000e-02 4 628 



-2.000000e-02 1 4855 
-2.000000e-02 2 3130 
-2.000000e-02 3 4002 
-2.000000e-02 4 628 



6.938894e-18 1 4986 
6.938894e-18 2 3130 
6.938894e-18 3 3964 
6.938894e-18 4 628 



2.000000e-02 1 5117 
2.000000e-02 2 3130 
2.000000e-02 3 3612 
2.000000e-02 4 628 



4.000000e-02 1 5248 
4.000000e-02 2 3130 
4.000000e-02 3 3557 
4.000000e-02 4 628 



6.000000e-02 1 5248 
6.000000e-02 2 3130 
6.000000e-02 3 3112 
6.000000e-02 4 628 



8.000000e-02 1 5379 
8.000000e-02 2 3130 
8.000000e-02 3 3536 
8.000000e-02 4 628 



1.000000e-01 1 5379 
1.000000e-01 2 3130 
1.000000e-01 3 3536 
1.000000e-01 4 628 



