0   2.499662e-01
1   3.999182e-01
2   4.998495e-01
3   5.711763e-01
4   6.245983e-01
5   6.660518e-01
6   6.990910e-01
7   7.259703e-01
8   7.481870e-01
9   7.667726e-01
10   7.824609e-01
11   7.957885e-01
12   8.071577e-01
13   8.168775e-01
14   8.251905e-01
15   8.322916e-01
16   8.383399e-01
17   8.434683e-01
18   8.477891e-01
19   8.513984e-01
20   8.543793e-01
21   8.568041e-01
22   8.587356e-01
23   8.602282e-01
24   8.613294e-01
25   8.620797e-01
26   8.625141e-01
27   8.626623e-01
28   8.625508e-01
29   8.622038e-01
30   8.616461e-01
31   8.609056e-01
32   8.600146e-01
33   8.590065e-01
34   8.578971e-01
35   8.566463e-01
36   8.551197e-01
37   8.531182e-01
38   8.505107e-01
39   8.473475e-01
40   8.438066e-01
41   8.400543e-01
42   8.361808e-01
43   8.322235e-01
44   8.282116e-01
45   8.241913e-01
46   8.202228e-01
47   8.163349e-01
48   8.124367e-01
49   8.082629e-01
50   8.035084e-01
51   7.981147e-01
52   7.923474e-01
53   7.865662e-01
54   7.810195e-01
55   7.758365e-01
56   7.710867e-01
57   7.667729e-01
58   7.627261e-01
59   7.585254e-01
60   7.537054e-01
61   7.481907e-01
62   7.423865e-01
63   7.368047e-01
64   7.317713e-01
65   7.274057e-01
66   7.236190e-01
67   7.200151e-01
68   7.159513e-01
69   7.110263e-01
70   7.055160e-01
71   7.000993e-01
72   6.953148e-01
73   6.913399e-01
74   6.879372e-01
75   6.844433e-01
76   6.801455e-01
77   6.749901e-01
78   6.696695e-01
79   6.649469e-01
80   6.611175e-01
81   6.578499e-01
82   6.543116e-01
83   6.498384e-01
84   6.446820e-01
85   6.397456e-01
86   6.356780e-01
87   6.323515e-01
88   6.289291e-01
89   6.246239e-01
90   6.196261e-01
91   6.148886e-01
92   6.110391e-01
93   6.077448e-01
94   6.040345e-01
95   5.994332e-01
96   5.946022e-01
97   5.904602e-01
98   5.870360e-01
99   5.834387e-01
100   5.790321e-01
101   5.743707e-01
102   5.704337e-01
103   5.674085e-01
104   5.650544e-01
105   5.650931e-01
106   5.747902e-01
107   6.117127e-01
108   7.006122e-01
109   8.295040e-01
110   9.304304e-01
111   9.771579e-01
112   9.931984e-01
113   9.980543e-01
114   9.994560e-01
115   9.998509e-01
116   9.999598e-01
117   9.999893e-01
118   9.999972e-01
119   9.999993e-01
120   9.999998e-01
121   1.000000e+00
122   1.000000e+00
123   1.000000e+00
124   1.000000e+00
125   1.000000e+00
126   1.000000e+00
127   1.000000e+00
128   1.000000e+00
129   1.000000e+00
130   1.000000e+00
131   1.000000e+00
132   1.000000e+00
133   1.000000e+00
134   1.000000e+00
135   1.000000e+00
136   1.000000e+00
137   1.000000e+00
138   1.000000e+00
139   1.000000e+00
140   1.000000e+00
141   1.000000e+00
142   1.000000e+00
143   1.000000e+00
144   9.999999e-01
145   9.999997e-01
146   9.999979e-01
147   9.999866e-01
148   9.999107e-01
149   9.993922e-01
150   9.958158e-01
151   9.727426e-01
152   8.811660e-01
153   8.273848e-01
154   9.336252e-01
155   9.889055e-01
156   9.985347e-01
157   9.998174e-01
158   9.999780e-01
159   9.999974e-01
160   9.999997e-01
161   1.000000e+00
162   1.000000e+00
163   1.000000e+00
164   1.000000e+00
165   1.000000e+00
166   1.000000e+00
167   1.000000e+00
168   1.000000e+00
169   1.000000e+00
170   1.000000e+00
171   1.000000e+00
172   1.000000e+00
173   1.000000e+00
174   1.000000e+00
175   1.000000e+00
176   1.000000e+00
177   1.000000e+00
178   9.999998e-01
179   9.999958e-01
180   9.999201e-01
181   9.984130e-01
182   9.680932e-01
183   6.437824e-01
184   2.574944e-01
185   1.995738e-01
186   1.898481e-01
187   1.821704e-01
188   1.743030e-01
189   1.661233e-01
190   1.575805e-01
191   1.486140e-01
192   1.391455e-01
193   1.290703e-01
194   1.182440e-01
195   1.064575e-01
196   9.338929e-02
197   7.850195e-02
198   6.077915e-02
