-500.1  10   20    30    40    50    60    70    80    90    100   110   120   130   140   150
0    -500.2  10    20    30    40    50    60    70    80    90    100   110   120   130   140
0     0   -500.3   10    20    30    40    50    60    70    80    90    100   110   120   130
0     0    0    -500.4   10    20    30    40    50    60    70    80    90    100   110   120
0     0    0     0    -250.1   10    10    30    40    50    60    70    80    90    100   110
0     0    0     0     0    -250.2   20    20    30    40    50    60    70    80    90    100
0     0    0     0     0     0    -250.3   10    20    30    40    50    60    70    80    90
0     0    0     0     0     0     0    -250.4   10    20    30    40    50    60    70    80
0     0    0     0     0     0     0     0     250.1   10    20    30    40    50    60    70
0     0    0     0     0     0     0     0     0     250.2   10    20    30    40    50    60
0     0    0     0     0     0     0     0     0     0     250.3   10    20    30    40    50
0     0    0     0     0     0     0     0     0     0     0     250.4   10    20    30    40
0     0    0     0     0     0     0     0     0     0     0     0     500.1   10    20    30
0     0    0     0     0     0     0     0     0     0     0     0     0     500.2   10    20     
0     0    0     0     0     0     0     0     0     0     0     0     0     0     500.3   10
0     0    0     0     0     0     0     0     0     0     0     0     0     0     0     500.4

