0.000000e+00 1 26802 
0.000000e+00 2 14386 
0.000000e+00 3 1284 
0.000000e+00 4 1284 
0.000000e+00 5 1284 
0.000000e+00 6 1284 
0.000000e+00 7 1284 
0.000000e+00 8 1284 
0.000000e+00 9 1284 

1.000000e-09 1 26802 
1.000000e-09 2 14386 
1.000000e-09 3 2588 
1.000000e-09 4 3489 
1.000000e-09 5 4561 
1.000000e-09 6 3202 
1.000000e-09 7 3997 
1.000000e-09 8 4873 
1.000000e-09 9 5811 

1.000000e-08 1 26802 
1.000000e-08 2 14386 
1.000000e-08 3 2588 
1.000000e-08 4 3489 
1.000000e-08 5 4561 
1.000000e-08 6 3202 
1.000000e-08 7 3997 
1.000000e-08 8 4873 
1.000000e-08 9 5811 

1.000000e-07 1 26802 
1.000000e-07 2 14386 
1.000000e-07 3 2588 
1.000000e-07 4 3489 
1.000000e-07 5 4561 
1.000000e-07 6 3202 
1.000000e-07 7 3997 
1.000000e-07 8 4873 
1.000000e-07 9 5811 

1.000000e-06 1 26802 
1.000000e-06 2 14386 
1.000000e-06 3 3956 
1.000000e-06 4 3489 
1.000000e-06 5 4561 
1.000000e-06 6 3202 
1.000000e-06 7 3997 
1.000000e-06 8 4873 
1.000000e-06 9 5811 

1.000000e-05 1 26802 
1.000000e-05 2 14386 
1.000000e-05 3 3956 
1.000000e-05 4 5206 
1.000000e-05 5 6634 
1.000000e-05 6 6192 
1.000000e-05 7 7505 
1.000000e-05 8 4873 
1.000000e-05 9 5811 

1.000000e-04 1 26802 
1.000000e-04 2 14386 
1.000000e-04 3 3956 
1.000000e-04 4 5206 
1.000000e-04 5 6634 
1.000000e-04 6 6192 
1.000000e-04 7 7505 
1.000000e-04 8 9257 
1.000000e-04 9 5811 

1.000000e-03 1 26802 
1.000000e-03 2 14386 
1.000000e-03 3 5324 
1.000000e-03 4 6923 
1.000000e-03 5 6634 
1.000000e-03 6 6192 
1.000000e-03 7 7505 
1.000000e-03 8 9257 
1.000000e-03 9 5811 

1.000000e-02 1 26802 
1.000000e-02 2 13452 
1.000000e-02 3 7977 
1.000000e-02 4 8640 
1.000000e-02 5 8790 
1.000000e-02 6 9376 
1.000000e-02 7 11096 
1.000000e-02 8 9257 
1.000000e-02 9 5811 

1.000000e-01 1 27724 
1.000000e-01 2 12933 
1.000000e-01 3 10114 
1.000000e-01 4 11834 
1.000000e-01 5 11094 
1.000000e-01 6 11886 
1.000000e-01 7 14373 
1.000000e-01 8 13493 
1.000000e-01 9 5811 

1.000000e+00 1 59072 
1.000000e+00 2 29248 
1.000000e+00 3 17744 
1.000000e+00 4 17392 
1.000000e+00 5 20582 
1.000000e+00 6 21446 
1.000000e+00 7 20004 
1.000000e+00 8 20663 
1.000000e+00 9 5340 

