-501  10   20    30    40    50    60    70    80    90    100   110   120   130   140   150
0    -502  10    20    30    40    50    60    70    80    90    100   110   120   130   140
0     0   -503   10    20    30    40    50    60    70    80    90    100   110   120   130
0     0    0    -504   10    20    30    40    50    60    70    80    90    100   110   120
0     0    0     0    -505   10    10    30    40    50    60    70    80    90    100   110
0     0    0     0     0    -506   20    20    30    40    50    60    70    80    90    100
0     0    0     0     0     0    -507   10    20    30    40    50    60    70    80    90
0     0    0     0     0     0     0    -508   10    20    30    40    50    60    70    80
0     0    0     0     0     0     0     0     501   10    20    30    40    50    60    70
0     0    0     0     0     0     0     0     0     502   10    20    30    40    50    60
0     0    0     0     0     0     0     0     0     0     503   10    20    30    40    50
0     0    0     0     0     0     0     0     0     0     0     504   10    20    30    40
0     0    0     0     0     0     0     0     0     0     0     0     505   10    20    30
0     0    0     0     0     0     0     0     0     0     0     0     0     506   10    20     
0     0    0     0     0     0     0     0     0     0     0     0     0     0     507   10
0     0    0     0     0     0     0     0     0     0     0     0     0     0     0     508

