0.000000e+00 1 29568 
0.000000e+00 2 15403 
0.000000e+00 3 11454 
0.000000e+00 4 1836 
0.000000e+00 5 1836 
0.000000e+00 6 1836 
0.000000e+00 7 1836 
0.000000e+00 8 1836 
0.000000e+00 9 1836 

1.000000e-09 1 29568 
1.000000e-09 2 15403 
1.000000e-09 3 11500 
1.000000e-09 4 3692 
1.000000e-09 5 4718 
1.000000e-09 6 3202 
1.000000e-09 7 3997 
1.000000e-09 8 4873 
1.000000e-09 9 5811 

1.000000e-08 1 29568 
1.000000e-08 2 15403 
1.000000e-08 3 11500 
1.000000e-08 4 3692 
1.000000e-08 5 4718 
1.000000e-08 6 3202 
1.000000e-08 7 3729 
1.000000e-08 8 4605 
1.000000e-08 9 5543 

1.000000e-07 1 29568 
1.000000e-07 2 15403 
1.000000e-07 3 11500 
1.000000e-07 4 3692 
1.000000e-07 5 4718 
1.000000e-07 6 3202 
1.000000e-07 7 3997 
1.000000e-07 8 4873 
1.000000e-07 9 5811 

1.000000e-06 1 29568 
1.000000e-06 2 15403 
1.000000e-06 3 11500 
1.000000e-06 4 5529 
1.000000e-06 5 4718 
1.000000e-06 6 6220 
1.000000e-06 7 3997 
1.000000e-06 8 4873 
1.000000e-06 9 5811 

1.000000e-05 1 29568 
1.000000e-05 2 15403 
1.000000e-05 3 11371 
1.000000e-05 4 5529 
1.000000e-05 5 7142 
1.000000e-05 6 6220 
1.000000e-05 7 7542 
1.000000e-05 8 9414 
1.000000e-05 9 5811 

1.000000e-04 1 29568 
1.000000e-04 2 15403 
1.000000e-04 3 11085 
1.000000e-04 4 7329 
1.000000e-04 5 7142 
1.000000e-04 6 6220 
1.000000e-04 7 7542 
1.000000e-04 8 9414 
1.000000e-04 9 5811 

1.000000e-03 1 29568 
1.000000e-03 2 15403 
1.000000e-03 3 11048 
1.000000e-03 4 7283 
1.000000e-03 5 9612 
1.000000e-03 6 6220 
1.000000e-03 7 7542 
1.000000e-03 8 9414 
1.000000e-03 9 5811 

1.000000e-02 1 29568 
1.000000e-02 2 16088 
1.000000e-02 3 11085 
1.000000e-02 4 10523 
1.000000e-02 5 11879 
1.000000e-02 6 9081 
1.000000e-02 7 11013 
1.000000e-02 8 13844 
1.000000e-02 9 5654 

1.000000e-01 1 30951 
1.000000e-01 2 16088 
1.000000e-01 3 11473 
1.000000e-01 4 11631 
1.000000e-01 5 13555 
1.000000e-01 6 14082 
1.000000e-01 7 14401 
1.000000e-01 8 13678 
1.000000e-01 9 5460 

