0   2.499640e-01
1   3.998998e-01
2   4.997729e-01
3   5.709564e-01
4   6.240992e-01
5   6.650939e-01
6   6.974746e-01
7   7.235163e-01
8   7.447884e-01
9   7.624526e-01
10   7.774271e-01
11   7.904761e-01
12   8.022496e-01
13   8.132908e-01
14   8.240182e-01
15   8.346927e-01
16   8.453849e-01
17   8.559609e-01
18   8.661036e-01
19   8.753724e-01
20   8.832871e-01
21   8.894077e-01
22   8.933871e-01
23   8.949918e-01
24   8.941022e-01
25   8.907139e-01
26   8.849514e-01
27   8.770920e-01
28   8.675818e-01
29   8.570182e-01
30   8.460881e-01
31   8.354713e-01
32   8.257457e-01
33   8.173208e-01
34   8.104037e-01
35   8.049770e-01
36   8.007990e-01
37   7.975052e-01
38   7.948504e-01
39   7.928967e-01
40   7.919377e-01
41   7.922909e-01
42   7.941975e-01
43   7.978334e-01
44   8.033258e-01
45   8.107157e-01
46   8.198676e-01
47   8.303578e-01
48   8.414077e-01
49   8.519676e-01
50   8.609933e-01
51   8.677196e-01
52   8.716669e-01
53   8.724865e-01
54   8.699153e-01
55   8.638643e-01
56   8.545316e-01
57   8.424502e-01
58   8.283847e-01
59   8.130913e-01
60   7.972099e-01
61   7.814591e-01
62   7.667227e-01
63   7.537527e-01
64   7.429067e-01
65   7.341667e-01
66   7.272133e-01
67   7.213966e-01
68   7.158326e-01
69   7.099105e-01
70   7.037485e-01
71   6.979247e-01
72   6.929126e-01
73   6.888420e-01
74   6.854391e-01
75   6.820102e-01
76   6.778122e-01
77   6.727649e-01
78   6.675501e-01
79   6.629325e-01
80   6.592118e-01
81   6.560594e-01
82   6.526409e-01
83   6.482804e-01
84   6.432188e-01
85   6.383607e-01
86   6.343646e-01
87   6.311121e-01
88   6.277691e-01
89   6.235399e-01
90   6.186036e-01
91   6.139134e-01
92   6.101072e-01
93   6.068620e-01
94   6.032064e-01
95   5.986539e-01
96   5.938579e-01
97   5.897432e-01
98   5.863496e-01
99   5.827876e-01
100   5.784057e-01
101   5.737321e-01
102   5.696974e-01
103   5.663318e-01
104   5.628585e-01
105   5.592805e-01
106   5.577156e-01
107   5.632620e-01
108   5.881960e-01
109   6.576015e-01
110   7.821593e-01
111   9.030668e-01
112   9.670885e-01
113   9.901749e-01
114   9.972210e-01
115   9.992365e-01
116   9.997943e-01
117   9.999454e-01
118   9.999857e-01
119   9.999963e-01
120   9.999991e-01
121   9.999998e-01
122   9.999999e-01
123   1.000000e+00
124   1.000000e+00
125   1.000000e+00
126   1.000000e+00
127   1.000000e+00
128   1.000000e+00
129   1.000000e+00
130   1.000000e+00
131   1.000000e+00
132   1.000000e+00
133   1.000000e+00
134   1.000000e+00
135   1.000000e+00
136   1.000000e+00
137   1.000000e+00
138   1.000000e+00
139   1.000000e+00
140   1.000000e+00
141   1.000000e+00
142   1.000000e+00
143   1.000000e+00
144   1.000000e+00
145   1.000000e+00
146   1.000000e+00
147   9.999999e-01
148   9.999995e-01
149   9.999967e-01
150   9.999772e-01
151   9.998394e-01
152   9.989377e-01
153   9.955709e-01
154   9.948457e-01
155   9.985390e-01
156   9.997852e-01
157   9.999728e-01
158   9.999967e-01
159   9.999996e-01
160   1.000000e+00
161   1.000000e+00
162   1.000000e+00
163   1.000000e+00
164   1.000000e+00
165   1.000000e+00
166   1.000000e+00
167   1.000000e+00
168   1.000000e+00
169   1.000000e+00
170   1.000000e+00
171   1.000000e+00
172   1.000000e+00
173   1.000000e+00
174   1.000000e+00
175   1.000000e+00
176   1.000000e+00
177   9.999998e-01
178   9.999959e-01
179   9.999277e-01
180   9.986423e-01
181   9.740318e-01
182  -6.928225e-01
183   2.805809e-01
184   2.077822e-01
185   1.972167e-01
186   1.897352e-01
187   1.821440e-01
188   1.742810e-01
189   1.661028e-01
190   1.575614e-01
191   1.485963e-01
192   1.391291e-01
193   1.290554e-01
194   1.182306e-01
195   1.064456e-01
196   9.337896e-02
197   7.849334e-02
198   6.077244e-02
