-9.000000e-01 2 68282 
-9.000000e-01 3 31874 
-9.000000e-01 4 18514 
-9.000000e-01 5 14326 
-9.000000e-01 6 2278 
-9.000000e-01 7 2278 
-9.000000e-01 8 2278 



-8.000000e-01 2 70834 
-8.000000e-01 3 30937 
-8.000000e-01 4 18588 
-8.000000e-01 5 14112 
-8.000000e-01 6 2278 
-8.000000e-01 7 2278 
-8.000000e-01 8 2278 



-7.000000e-01 2 72110 
-7.000000e-01 3 28126 
-7.000000e-01 4 17666 
-7.000000e-01 5 15767 
-7.000000e-01 6 2278 
-7.000000e-01 7 2278 
-7.000000e-01 8 2278 



-6.000000e-01 2 74024 
-6.000000e-01 3 27189 
-6.000000e-01 4 14974 
-6.000000e-01 5 15767 
-6.000000e-01 6 2278 
-6.000000e-01 7 2278 
-6.000000e-01 8 2278 



-5.000000e-01 2 75938 
-5.000000e-01 3 26252 
-5.000000e-01 4 15970 
-5.000000e-01 5 15767 
-5.000000e-01 6 2278 
-5.000000e-01 7 2278 
-5.000000e-01 8 2278 



-4.000000e-01 2 77214 
-4.000000e-01 3 25315 
-4.000000e-01 4 16316 
-4.000000e-01 5 15693 
-4.000000e-01 6 2278 
-4.000000e-01 7 2278 
-4.000000e-01 8 2278 



-3.000000e-01 2 77852 
-3.000000e-01 3 25315 
-3.000000e-01 4 14826 
-3.000000e-01 5 13964 
-3.000000e-01 6 2278 
-3.000000e-01 7 2278 
-3.000000e-01 8 2278 



-2.000000e-01 2 78490 
-2.000000e-01 3 26252 
-2.000000e-01 4 13484 
-2.000000e-01 5 13964 
-2.000000e-01 6 2278 
-2.000000e-01 7 2278 
-2.000000e-01 8 2278 



-1.000000e-01 2 79128 
-1.000000e-01 3 26252 
-1.000000e-01 4 14694 
-1.000000e-01 5 13824 
-1.000000e-01 6 2278 
-1.000000e-01 7 2278 
-1.000000e-01 8 2278 



0.000000e+00 2 79766 
0.000000e+00 3 26252 
0.000000e+00 4 16110 
0.000000e+00 5 15339 
0.000000e+00 6 2278 
0.000000e+00 7 2278 
0.000000e+00 8 2278 



1.000000e-01 2 81042 
1.000000e-01 3 24378 
1.000000e-01 4 14834 
1.000000e-01 5 15446 
1.000000e-01 6 2278 
1.000000e-01 7 2278 
1.000000e-01 8 2278 



2.000000e-01 2 81680 
2.000000e-01 3 22504 
2.000000e-01 4 14801 
2.000000e-01 5 14178 
2.000000e-01 6 2278 
2.000000e-01 7 2278 
2.000000e-01 8 2278 



3.000000e-01 2 82318 
3.000000e-01 3 22611 
3.000000e-01 4 14686 
3.000000e-01 5 12523 
3.000000e-01 6 2278 
3.000000e-01 7 2278 
3.000000e-01 8 2278 



4.000000e-01 2 82956 
4.000000e-01 3 24592 
4.000000e-01 4 14727 
4.000000e-01 5 12416 
4.000000e-01 6 2278 
4.000000e-01 7 2278 
4.000000e-01 8 2278 



5.000000e-01 2 82956 
5.000000e-01 3 19151 
5.000000e-01 4 14867 
5.000000e-01 5 12622 
5.000000e-01 6 2278 
5.000000e-01 7 2278 
5.000000e-01 8 2278 



6.000000e-01 2 82956 
6.000000e-01 3 21674 
6.000000e-01 4 17378 
6.000000e-01 5 14129 
6.000000e-01 6 2278 
6.000000e-01 7 2278 
6.000000e-01 8 2278 



7.000000e-01 2 82956 
7.000000e-01 3 32811 
7.000000e-01 4 17238 
7.000000e-01 5 15825 
7.000000e-01 6 2278 
7.000000e-01 7 2278 
7.000000e-01 8 2278 



8.000000e-01 2 82956 
8.000000e-01 3 34685 
8.000000e-01 4 18234 
8.000000e-01 5 15586 
8.000000e-01 6 2278 
8.000000e-01 7 2278 
8.000000e-01 8 2278 



9.000000e-01 2 84870 
9.000000e-01 3 35622 
9.000000e-01 4 18234 
9.000000e-01 5 13676 
9.000000e-01 6 2278 
9.000000e-01 7 2278 
9.000000e-01 8 2278 



