0.000000e+00 1 54923 
0.000000e+00 2 20223 
0.000000e+00 3 16745 
0.000000e+00 4 18352 
0.000000e+00 5 2414 
0.000000e+00 6 3128 
0.000000e+00 7 3904 
0.000000e+00 8 3904 
0.000000e+00 9 3904 

1.000000e-09 1 54923 
1.000000e-09 2 20223 
1.000000e-09 3 16745 
1.000000e-09 4 18352 
1.000000e-09 5 4764 
1.000000e-09 6 6146 
1.000000e-09 7 3923 
1.000000e-09 8 4799 
1.000000e-09 9 5737 

1.000000e-08 1 54923 
1.000000e-08 2 20223 
1.000000e-08 3 16662 
1.000000e-08 4 18352 
1.000000e-08 5 4764 
1.000000e-08 6 6146 
1.000000e-08 7 3923 
1.000000e-08 8 4799 
1.000000e-08 9 5737 

1.000000e-07 1 54923 
1.000000e-07 2 20223 
1.000000e-07 3 16662 
1.000000e-07 4 18352 
1.000000e-07 5 7114 
1.000000e-07 6 6146 
1.000000e-07 7 3923 
1.000000e-07 8 4799 
1.000000e-07 9 5737 

1.000000e-06 1 54923 
1.000000e-06 2 20223 
1.000000e-06 3 17578 
1.000000e-06 4 18352 
1.000000e-06 5 7114 
1.000000e-06 6 9164 
1.000000e-06 7 7782 
1.000000e-06 8 4799 
1.000000e-06 9 5737 

1.000000e-05 1 54923 
1.000000e-05 2 20223 
1.000000e-05 3 17532 
1.000000e-05 4 18352 
1.000000e-05 5 9464 
1.000000e-05 6 9164 
1.000000e-05 7 7782 
1.000000e-05 8 9488 
1.000000e-05 9 5737 

1.000000e-04 1 54923 
1.000000e-04 2 20140 
1.000000e-04 3 18937 
1.000000e-04 4 16321 
1.000000e-04 5 11537 
1.000000e-04 6 9164 
1.000000e-04 7 7782 
1.000000e-04 8 9488 
1.000000e-04 9 5737 

1.000000e-03 1 54923 
1.000000e-03 2 20057 
1.000000e-03 3 17901 
1.000000e-03 4 18029 
1.000000e-03 5 13564 
1.000000e-03 6 12182 
1.000000e-03 7 11530 
1.000000e-03 8 9488 
1.000000e-03 9 5737 

1.000000e-02 1 54462 
1.000000e-02 2 17956 
1.000000e-02 3 17458 
1.000000e-02 4 16515 
1.000000e-02 5 13684 
1.000000e-02 6 14738 
1.000000e-02 7 11059 
1.000000e-02 8 14029 
1.000000e-02 9 5543 

1.000000e-01 1 50313 
1.000000e-01 2 22751 
1.000000e-01 3 20056 
1.000000e-01 4 20088 
1.000000e-01 5 17738 
1.000000e-01 6 19739 
1.000000e-01 7 17900 
1.000000e-01 8 18099 
1.000000e-01 9 5506 

