5.403843e-01 -5.196003e-01 
 5.407997e-01 -5.191677e-01
  5.412499e-01 -5.186978e-01
  5.417397e-01 -5.181858e-01
  5.422744e-01 -5.176256e-01
  5.428606e-01 -5.170101e-01 
 5.435060e-01 -5.163307e-01 
 5.442201e-01 -5.155770e-01
  5.450145e-01 -5.147359e-01 
 5.459034e-01 -5.137914e-01
  5.469048e-01 -5.127232e-01
  5.480415e-01 -5.115054e-01
  5.493428e-01 -5.101040e-01  
5.508471e-01 -5.084743e-01
  5.526060e-01 -5.065555e-01 
 5.546897e-01 -5.042634e-01 
 5.571971e-01 -5.014774e-01
  5.602713e-01 -4.980189e-01 
 5.641276e-01 -4.936117e-01
  5.691052e-01 -4.878045e-01
  5.757692e-01 -4.798077e-01 
 5.851313e-01 -4.681051e-01
  5.991745e-01 -4.493809e-01 
 6.222197e-01 -4.148131e-01
  6.637010e-01 -3.318505e-01 
 6.637010e-01 -4.352074e-14
  0.000000e+00 0.000000e+00  
