-1.00  0.00   
-1.00  0.50   
-1.00  0.75   
-1.00  0.80   
-1.00  0.90   
-1.00  0.95   
-1.00  0.96   
-1.00  0.98   
-1.00  0.99   
-0.99  0.00   
-0.99  0.66   
-0.99  0.88   
-0.99  0.90   
-0.99  0.96   
-0.99  0.98   
-0.98  0.00   
-0.98  0.49   
-0.98  0.84   
-0.98  0.91   
-0.98  0.96   
-0.98  0.97   
-0.97  0.00   
-0.97  0.96   
-0.96  0.00   
-0.96  0.48   
-0.96  0.64   
-0.96  0.72   
-0.96  0.80   
-0.96  0.84   
-0.96  0.88   
-0.96  0.90   
-0.96  0.92   
-0.96  0.93   
-0.96  0.94   
-0.96  0.95   
-0.95  0.00   
-0.95  0.76   
-0.95  0.90   
-0.95  0.94   
-0.94  0.00   
-0.94  0.47   
-0.94  0.92   
-0.94  0.93   
-0.93  0.00   
-0.93  0.62   
-0.93  0.90   
-0.93  0.92   
-0.92  0.00   
-0.92  0.46   
-0.92  0.69   
-0.92  0.88   
-0.92  0.90   
-0.92  0.91   
-0.91  0.00   
-0.91  0.78   
-0.91  0.84   
-0.91  0.90   
-0.90  0.00   
-0.90  0.45   
-0.90  0.60   
-0.90  0.72   
-0.90  0.75   
-0.90  0.80   
-0.90  0.81   
-0.90  0.84   
-0.90  0.85   
-0.90  0.87   
-0.90  0.88   
-0.90  0.89   
-0.89  0.00   
-0.89  0.88   
-0.88  0.00   
-0.88  0.44   
-0.88  0.66   
-0.88  0.77   
-0.88  0.80   
-0.88  0.84   
-0.88  0.86   
-0.88  0.87   
-0.87  0.00   
-0.87  0.58   
-0.87  0.84   
-0.87  0.86   
-0.86  0.00   
-0.86  0.43   
-0.86  0.84   
-0.86  0.85   
-0.85  0.00   
-0.85  0.68   
-0.85  0.80   
-0.85  0.84   
-0.84  0.00   
-0.84  0.42   
-0.84  0.56   
-0.84  0.63   
-0.84  0.70   
-0.84  0.72   
-0.84  0.77   
-0.84  0.78   
-0.84  0.80   
-0.84  0.81   
-0.84  0.82   
-0.84  0.83   
-0.83  0.00   
-0.83  0.82   
-0.82  0.00   
-0.82  0.41   
-0.82  0.80   
-0.82  0.81   
-0.81  0.00   
-0.81  0.54   
-0.81  0.72   
-0.81  0.78   
-0.81  0.80   
-0.80  0.00   
-0.80  0.40   
-0.80  0.60   
-0.80  0.64   
-0.80  0.70   
-0.80  0.72   
-0.80  0.75   
-0.80  0.76   
-0.80  0.78   
-0.80  0.79   
-0.79  0.00   
-0.79  0.78   
-0.78  0.00   
-0.78  0.39   
-0.78  0.52   
-0.78  0.65   
-0.78  0.72   
-0.78  0.75   
-0.78  0.76   
-0.78  0.77   
-0.77  0.00   
-0.77  0.66   
-0.77  0.70   
-0.77  0.76   
-0.76  0.00   
-0.76  0.38   
-0.76  0.57   
-0.76  0.72   
-0.76  0.74   
-0.76  0.75   
-0.75  0.00   
-0.75  0.50   
-0.75  0.60   
-0.75  0.70   
-0.75  0.72   
-0.75  0.74   
-0.74  0.00   
-0.74  0.37   
-0.74  0.72   
-0.74  0.73   
-0.73  0.00   
-0.73  0.72   
-0.72  0.00   
-0.72  0.36   
-0.72  0.48   
-0.72  0.54   
-0.72  0.60   
-0.72  0.63   
-0.72  0.64   
-0.72  0.66   
-0.72  0.68   
-0.72  0.69   
-0.72  0.70   
-0.72  0.71   
-0.71  0.00   
-0.71  0.70   
-0.70  0.00   
-0.70  0.35   
-0.70  0.56   
-0.70  0.60   
-0.70  0.63   
-0.70  0.65   
-0.70  0.68   
-0.70  0.69   
-0.69  0.00   
-0.69  0.46   
-0.69  0.66   
-0.69  0.68   
-0.68  0.00   
-0.68  0.34   
-0.68  0.51   
-0.68  0.64   
-0.68  0.66   
-0.68  0.67   
-0.67  0.00   
-0.67  0.66   
-0.66  0.00   
-0.66  0.33   
-0.66  0.44   
-0.66  0.55   
-0.66  0.60   
-0.66  0.63   
-0.66  0.64   
-0.66  0.65   
-0.65  0.00   
-0.65  0.52   
-0.65  0.60   
-0.65  0.64   
-0.64  0.00   
-0.64  0.32   
-0.64  0.48   
-0.64  0.56   
-0.64  0.60   
-0.64  0.62   
-0.64  0.63   
-0.63  0.00   
-0.63  0.42   
-0.63  0.54   
-0.63  0.56   
-0.63  0.60   
-0.63  0.62   
-0.62  0.00   
-0.62  0.31   
-0.62  0.60   
-0.62  0.61   
-0.61  0.00   
-0.61  0.60   
-0.60  0.00   
-0.60  0.30   
-0.60  0.40   
-0.60  0.45   
-0.60  0.48   
-0.60  0.50   
-0.60  0.54   
-0.60  0.55   
-0.60  0.56   
-0.60  0.57   
-0.60  0.58   
-0.60  0.59   
-0.59  0.00   
-0.59  0.58   
-0.58  0.00   
-0.58  0.29   
-0.58  0.56   
-0.58  0.57   
-0.57  0.00   
-0.57  0.38   
-0.57  0.54   
-0.57  0.56   
-0.56  0.00   
-0.56  0.28   
-0.56  0.42   
-0.56  0.48   
-0.56  0.49   
-0.56  0.52   
-0.56  0.54   
-0.56  0.55   
-0.55  0.00   
-0.55  0.44   
-0.55  0.50   
-0.55  0.54   
-0.54  0.00   
-0.54  0.27   
-0.54  0.36   
-0.54  0.45   
-0.54  0.48   
-0.54  0.51   
-0.54  0.52   
-0.54  0.53   
-0.53  0.00   
-0.53  0.52   
-0.52  0.00   
-0.52  0.26   
-0.52  0.39   
-0.52  0.48   
-0.52  0.50   
-0.52  0.51   
-0.51  0.00   
-0.51  0.34   
-0.51  0.48   
-0.51  0.50   
-0.50  0.00   
-0.50  0.25   
-0.50  0.40   
-0.50  0.45   
-0.50  0.48   
-0.50  0.49   
-0.49  0.00   
-0.49  0.42   
-0.49  0.48   
-0.48  0.00   
-0.48  0.24   
-0.48  0.32   
-0.48  0.36   
-0.48  0.40   
-0.48  0.42   
-0.48  0.44   
-0.48  0.45   
-0.48  0.46   
-0.48  0.47   
-0.47  0.00   
-0.47  0.46   
-0.46  0.00   
-0.46  0.23   
-0.46  0.44   
-0.46  0.45   
-0.45  0.00   
-0.45  0.30   
-0.45  0.36   
-0.45  0.40   
-0.45  0.42   
-0.45  0.44   
-0.44  0.00   
-0.44  0.22   
-0.44  0.33   
-0.44  0.40   
-0.44  0.42   
-0.44  0.43   
-0.43  0.00   
-0.43  0.42   
-0.42  0.00   
-0.42  0.21   
-0.42  0.28   
-0.42  0.35   
-0.42  0.36   
-0.42  0.39   
-0.42  0.40   
-0.42  0.41   
-0.41  0.00   
-0.41  0.40   
-0.40  0.00   
-0.40  0.20   
-0.40  0.30   
-0.40  0.32   
-0.40  0.35   
-0.40  0.36   
-0.40  0.38   
-0.40  0.39   
-0.39  0.00   
-0.39  0.26   
-0.39  0.36   
-0.39  0.38   
-0.38  0.00   
-0.38  0.19   
-0.38  0.36   
-0.38  0.37   
-0.37  0.00   
-0.37  0.36   
-0.36  0.00   
-0.36  0.18   
-0.36  0.24   
-0.36  0.27   
-0.36  0.30   
-0.36  0.32   
-0.36  0.33   
-0.36  0.34   
-0.36  0.35   
-0.35  0.00   
-0.35  0.28   
-0.35  0.30   
-0.35  0.34   
-0.34  0.00   
-0.34  0.17   
-0.34  0.32   
-0.34  0.33   
-0.33  0.00   
-0.33  0.22   
-0.33  0.30   
-0.33  0.32   
-0.32  0.00   
-0.32  0.16   
-0.32  0.24   
-0.32  0.28   
-0.32  0.30   
-0.32  0.31   
-0.31  0.00   
-0.31  0.30   
-0.30  0.00   
-0.30  0.15   
-0.30  0.20   
-0.30  0.24   
-0.30  0.25   
-0.30  0.27   
-0.30  0.28   
-0.30  0.29   
-0.29  0.00   
-0.29  0.28   
-0.28  0.00   
-0.28  0.14   
-0.28  0.21   
-0.28  0.24   
-0.28  0.26   
-0.28  0.27   
-0.27  0.00   
-0.27  0.18   
-0.27  0.24   
-0.27  0.26   
-0.26  0.00   
-0.26  0.13   
-0.26  0.24   
-0.26  0.25   
-0.25  0.00   
-0.25  0.20   
-0.25  0.24   
-0.24  0.00   
-0.24  0.12   
-0.24  0.16   
-0.24  0.18   
-0.24  0.20   
-0.24  0.21   
-0.24  0.22   
-0.24  0.23   
-0.23  0.00   
-0.23  0.22   
-0.22  0.00   
-0.22  0.11   
-0.22  0.20   
-0.22  0.21   
-0.21  0.00   
-0.21  0.14   
-0.21  0.18   
-0.21  0.20   
-0.20  0.00   
-0.20  0.10   
-0.20  0.15   
-0.20  0.16   
-0.20  0.18   
-0.20  0.19   
-0.19  0.00   
-0.19  0.18   
-0.18  0.00   
-0.18  0.09   
-0.18  0.12   
-0.18  0.15   
-0.18  0.16   
-0.18  0.17   
-0.17  0.00   
-0.17  0.16   
-0.16  0.00   
-0.16  0.08   
-0.16  0.12   
-0.16  0.14   
-0.16  0.15   
-0.15  0.00   
-0.15  0.10   
-0.15  0.12   
-0.15  0.14   
-0.14  0.00   
-0.14  0.07   
-0.14  0.12   
-0.14  0.13   
-0.13  0.00   
-0.13  0.12   
-0.12  0.00   
-0.12  0.06   
-0.12  0.08   
-0.12  0.09   
-0.12  0.10   
-0.12  0.11   
-0.11  0.00   
-0.11  0.10   
-0.10  0.00   
-0.10  0.05   
-0.10  0.08   
-0.10  0.09   
-0.09  0.00   
-0.09  0.06   
-0.09  0.08   
-0.08  0.00   
-0.08  0.04   
-0.08  0.06   
-0.08  0.07   
-0.07  0.00   
-0.07  0.06   
-0.06  0.00   
-0.06  0.03   
-0.06  0.04   
-0.06  0.05   
-0.05  0.00   
-0.05  0.04   
-0.04  0.00   
-0.04  0.02   
-0.04  0.03   
-0.03  0.00   
-0.03  0.02   
-0.02  0.00   
-0.02  0.01   
-0.01  0.00   
0.00  0.00 
0.01  0.00 
0.02  -0.01
0.02  0.00 
0.03  -0.02
0.03  0.00 
0.04  -0.03
0.04  -0.02
0.04  0.00 
0.05  -0.04
0.05  0.00 
0.06  -0.05
0.06  -0.04
0.06  -0.03
0.06  0.00 
0.07  -0.06
0.07  0.00 
0.08  -0.07
0.08  -0.06
0.08  -0.04
0.08  0.00 
0.09  -0.08
0.09  -0.06
0.09  0.00 
0.10  -0.09
0.10  -0.08
0.10  -0.05
0.10  0.00 
0.11  -0.10
0.11  0.00 
0.12  -0.11
0.12  -0.10
0.12  -0.09
0.12  -0.08
0.12  -0.06
0.12  0.00 
0.13  -0.12
0.13  0.00 
0.14  -0.13
0.14  -0.12
0.14  -0.07
0.14  0.00 
0.15  -0.14
0.15  -0.12
0.15  -0.10
0.15  0.00 
0.16  -0.15
0.16  -0.14
0.16  -0.12
0.16  -0.08
0.16  0.00 
0.17  -0.16
0.17  0.00 
0.18  -0.17
0.18  -0.16
0.18  -0.15
0.18  -0.12
0.18  -0.09
0.18  0.00 
0.19  -0.18
0.19  0.00 
0.20  -0.19
0.20  -0.18
0.20  -0.16
0.20  -0.15
0.20  -0.10
0.20  0.00 
0.21  -0.20
0.21  -0.18
0.21  -0.14
0.21  0.00 
0.22  -0.21
0.22  -0.20
0.22  -0.11
0.22  0.00 
0.23  -0.22
0.23  0.00 
0.24  -0.23
0.24  -0.22
0.24  -0.21
0.24  -0.20
0.24  -0.18
0.24  -0.16
0.24  -0.12
0.24  0.00 
0.25  -0.24
0.25  -0.20
0.25  0.00 
0.26  -0.25
0.26  -0.24
0.26  -0.13
0.26  0.00 
0.27  -0.26
0.27  -0.24
0.27  -0.18
0.27  0.00 
0.28  -0.27
0.28  -0.26
0.28  -0.24
0.28  -0.21
0.28  -0.14
0.28  0.00 
0.29  -0.28
0.29  0.00 
0.30  -0.29
0.30  -0.28
0.30  -0.27
0.30  -0.25
0.30  -0.24
0.30  -0.20
0.30  -0.15
0.30  0.00 
0.31  -0.30
0.31  0.00 
0.32  -0.31
0.32  -0.30
0.32  -0.28
0.32  -0.24
0.32  -0.16
0.32  0.00 
0.33  -0.32
0.33  -0.30
0.33  -0.22
0.33  0.00 
0.34  -0.33
0.34  -0.32
0.34  -0.17
0.34  0.00 
0.35  -0.34
0.35  -0.30
0.35  -0.28
0.35  0.00 
0.36  -0.35
0.36  -0.34
0.36  -0.33
0.36  -0.32
0.36  -0.30
0.36  -0.27
0.36  -0.24
0.36  -0.18
0.36  0.00 
0.37  -0.36
0.37  0.00 
0.38  -0.37
0.38  -0.36
0.38  -0.19
0.38  0.00 
0.39  -0.38
0.39  -0.36
0.39  -0.26
0.39  0.00 
0.40  -0.39
0.40  -0.38
0.40  -0.36
0.40  -0.35
0.40  -0.32
0.40  -0.30
0.40  -0.20
0.40  0.00 
0.41  -0.40
0.41  0.00 
0.42  -0.41
0.42  -0.40
0.42  -0.39
0.42  -0.36
0.42  -0.35
0.42  -0.28
0.42  -0.21
0.42  0.00 
0.43  -0.42
0.43  0.00 
0.44  -0.43
0.44  -0.42
0.44  -0.40
0.44  -0.33
0.44  -0.22
0.44  0.00 
0.45  -0.44
0.45  -0.42
0.45  -0.40
0.45  -0.36
0.45  -0.30
0.45  0.00 
0.46  -0.45
0.46  -0.44
0.46  -0.23
0.46  0.00 
0.47  -0.46
0.47  0.00 
0.48  -0.47
0.48  -0.46
0.48  -0.45
0.48  -0.44
0.48  -0.42
0.48  -0.40
0.48  -0.36
0.48  -0.32
0.48  -0.24
0.48  0.00 
0.49  -0.48
0.49  -0.42
0.49  0.00 
0.50  -0.49
0.50  -0.48
0.50  -0.45
0.50  -0.40
0.50  -0.25
0.50  0.00 
0.51  -0.50
0.51  -0.48
0.51  -0.34
0.51  0.00 
0.52  -0.51
0.52  -0.50
0.52  -0.48
0.52  -0.39
0.52  -0.26
0.52  0.00 
0.53  -0.52
0.53  0.00 
0.54  -0.53
0.54  -0.52
0.54  -0.51
0.54  -0.48
0.54  -0.45
0.54  -0.36
0.54  -0.27
0.54  0.00 
0.55  -0.54
0.55  -0.50
0.55  -0.44
0.55  0.00 
0.56  -0.55
0.56  -0.54
0.56  -0.52
0.56  -0.49
0.56  -0.48
0.56  -0.42
0.56  -0.28
0.56  0.00 
0.57  -0.56
0.57  -0.54
0.57  -0.38
0.57  0.00 
0.58  -0.57
0.58  -0.56
0.58  -0.29
0.58  0.00 
0.59  -0.58
0.59  0.00 
0.60  -0.59
0.60  -0.58
0.60  -0.57
0.60  -0.56
0.60  -0.55
0.60  -0.54
0.60  -0.50
0.60  -0.48
0.60  -0.45
0.60  -0.40
0.60  -0.30
0.60  0.00 
0.61  -0.60
0.61  0.00 
0.62  -0.61
0.62  -0.60
0.62  -0.31
0.62  0.00 
0.63  -0.62
0.63  -0.60
0.63  -0.56
0.63  -0.54
0.63  -0.42
0.63  0.00 
0.64  -0.63
0.64  -0.62
0.64  -0.60
0.64  -0.56
0.64  -0.48
0.64  -0.32
0.64  0.00 
0.65  -0.64
0.65  -0.60
0.65  -0.52
0.65  0.00 
0.66  -0.65
0.66  -0.64
0.66  -0.63
0.66  -0.60
0.66  -0.55
0.66  -0.44
0.66  -0.33
0.66  0.00 
0.67  -0.66
0.67  0.00 
0.68  -0.67
0.68  -0.66
0.68  -0.64
0.68  -0.51
0.68  -0.34
0.68  0.00 
0.69  -0.68
0.69  -0.66
0.69  -0.46
0.69  0.00 
0.70  -0.69
0.70  -0.68
0.70  -0.65
0.70  -0.63
0.70  -0.60
0.70  -0.56
0.70  -0.35
0.70  0.00 
0.71  -0.70
0.71  0.00 
0.72  -0.71
0.72  -0.70
0.72  -0.69
0.72  -0.68
0.72  -0.66
0.72  -0.64
0.72  -0.63
0.72  -0.60
0.72  -0.54
0.72  -0.48
0.72  -0.36
0.72  0.00 
0.73  -0.72
0.73  0.00 
0.74  -0.73
0.74  -0.72
0.74  -0.37
0.74  0.00 
0.75  -0.74
0.75  -0.72
0.75  -0.70
0.75  -0.60
0.75  -0.50
0.75  0.00 
0.76  -0.75
0.76  -0.74
0.76  -0.72
0.76  -0.57
0.76  -0.38
0.76  0.00 
0.77  -0.76
0.77  -0.70
0.77  -0.66
0.77  0.00 
0.78  -0.77
0.78  -0.76
0.78  -0.75
0.78  -0.72
0.78  -0.65
0.78  -0.52
0.78  -0.39
0.78  0.00 
0.79  -0.78
0.79  0.00 
0.80  -0.79
0.80  -0.78
0.80  -0.76
0.80  -0.75
0.80  -0.72
0.80  -0.70
0.80  -0.64
0.80  -0.60
0.80  -0.40
0.80  0.00 
0.81  -0.80
0.81  -0.78
0.81  -0.72
0.81  -0.54
0.81  0.00 
0.82  -0.81
0.82  -0.80
0.82  -0.41
0.82  0.00 
0.83  -0.82
0.83  0.00 
0.84  -0.83
0.84  -0.82
0.84  -0.81
0.84  -0.80
0.84  -0.78
0.84  -0.77
0.84  -0.72
0.84  -0.70
0.84  -0.63
0.84  -0.56
0.84  -0.42
0.84  0.00 
0.85  -0.84
0.85  -0.80
0.85  -0.68
0.85  0.00 
0.86  -0.85
0.86  -0.84
0.86  -0.43
0.86  0.00 
0.87  -0.86
0.87  -0.84
0.87  -0.58
0.87  0.00 
0.88  -0.87
0.88  -0.86
0.88  -0.84
0.88  -0.80
0.88  -0.77
0.88  -0.66
0.88  -0.44
0.88  0.00 
0.89  -0.88
0.89  0.00 
0.90  -0.89
0.90  -0.88
0.90  -0.87
0.90  -0.85
0.90  -0.84
0.90  -0.81
0.90  -0.80
0.90  -0.75
0.90  -0.72
0.90  -0.60
0.90  -0.45
0.90  0.00 
0.91  -0.90
0.91  -0.84
0.91  -0.78
0.91  0.00 
0.92  -0.91
0.92  -0.90
0.92  -0.88
0.92  -0.69
0.92  -0.46
0.92  0.00 
0.93  -0.92
0.93  -0.90
0.93  -0.62
0.93  0.00 
0.94  -0.93
0.94  -0.92
0.94  -0.47
0.94  0.00  
0.95  -0.94 
0.95  -0.90 
0.95  -0.76 
0.95  0.00  
0.96  -0.95 
0.96  -0.94 
0.96  -0.93 
0.96  -0.92 
0.96  -0.90 
0.96  -0.88 
0.96  -0.84 
0.96  -0.80 
0.96  -0.72 
0.96  -0.64 
0.96  -0.48 
0.96  0.00  
0.97  -0.96 
0.97  0.00  
0.98  -0.97 
0.98  -0.96 
0.98  -0.91 
0.98  -0.84 
0.98  -0.49 
0.98  0.00  
0.99  -0.98 
0.99  -0.96 
0.99  -0.90 
0.99  -0.88 
0.99  -0.66 
0.99  0.00  
