-500.01  10   20    30    40    50    60    70    80    90    100   110   120   130   140   150
0    -500.02  10    20    30    40    50    60    70    80    90    100   110   120   130   140
0     0   -500.03   10    20    30    40    50    60    70    80    90    100   110   120   130
0     0    0    -500.04   10    20    30    40    50    60    70    80    90    100   110   120
0     0    0     0    -250.01   10    10    30    40    50    60    70    80    90    100   110
0     0    0     0     0    -250.02   20    20    30    40    50    60    70    80    90    100
0     0    0     0     0     0    -250.03   10    20    30    40    50    60    70    80    90
0     0    0     0     0     0     0    -250.04   10    20    30    40    50    60    70    80
0     0    0     0     0     0     0     0     250.01   10    20    30    40    50    60    70
0     0    0     0     0     0     0     0     0     250.02   10    20    30    40    50    60
0     0    0     0     0     0     0     0     0     0     250.03   10    20    30    40    50
0     0    0     0     0     0     0     0     0     0     0     250.04   10    20    30    40
0     0    0     0     0     0     0     0     0     0     0     0     500.01   10    20    30
0     0    0     0     0     0     0     0     0     0     0     0     0     500.02   10    20     
0     0    0     0     0     0     0     0     0     0     0     0     0     0     500.03   10
0     0    0     0     0     0     0     0     0     0     0     0     0     0     0     500.04

