-1.000000e-04 2 79766 
-1.000000e-04 3 26252 
-1.000000e-04 4 16036 
-1.000000e-04 5 15405 
-1.000000e-04 6 13720 
-1.000000e-04 7 13727 
-1.000000e-04 8 3508 



-3.162278e-05 2 79766 
-3.162278e-05 3 26252 
-3.162278e-05 4 15896 
-3.162278e-05 5 15726 
-3.162278e-05 6 11572 
-3.162278e-05 7 10988 
-3.162278e-05 8 3508 



-1.000000e-05 2 79766 
-1.000000e-05 3 26252 
-1.000000e-05 4 16110 
-1.000000e-05 5 15339 
-1.000000e-05 6 9152 
-1.000000e-05 7 10988 
-1.000000e-05 8 3508 



-3.162278e-06 2 79766 
-3.162278e-06 3 26252 
-3.162278e-06 4 16110 
-3.162278e-06 5 15265 
-3.162278e-06 6 9152 
-3.162278e-06 7 10988 
-3.162278e-06 8 3508 



-1.000000e-06 2 79766 
-1.000000e-06 3 26252 
-1.000000e-06 4 16110 
-1.000000e-06 5 15339 
-1.000000e-06 6 6864 
-1.000000e-06 7 8241 
-1.000000e-06 8 3508 



0.000000e+00 2 79766 
0.000000e+00 3 26252 
0.000000e+00 4 16110 
0.000000e+00 5 15339 
0.000000e+00 6 2278 
0.000000e+00 7 2278 
0.000000e+00 8 2278 



1.000000e-06 2 79766 
1.000000e-06 3 26252 
1.000000e-06 4 16110 
1.000000e-06 5 15339 
1.000000e-06 6 6864 
1.000000e-06 7 8241 
1.000000e-06 8 3508 



3.162278e-06 2 79766 
3.162278e-06 3 26252 
3.162278e-06 4 16110 
3.162278e-06 5 15265 
3.162278e-06 6 9152 
3.162278e-06 7 10988 
3.162278e-06 8 3508 



1.000000e-05 2 79766 
1.000000e-05 3 26252 
1.000000e-05 4 16110 
1.000000e-05 5 15339 
1.000000e-05 6 9152 
1.000000e-05 7 10988 
1.000000e-05 8 3508 



3.162278e-05 2 79766 
3.162278e-05 3 26252 
3.162278e-05 4 15896 
3.162278e-05 5 15726 
3.162278e-05 6 11572 
3.162278e-05 7 10988 
3.162278e-05 8 3508 



1.000000e-04 2 79766 
1.000000e-04 3 26252 
1.000000e-04 4 16036 
1.000000e-04 5 15405 
1.000000e-04 6 13720 
1.000000e-04 7 13727 
1.000000e-04 8 3508 



