2 79766 
3 26252 
4 16036 
5 15405 
6 13720 
7 13727 
8 3508 

2 79766 
3 26252 
4 15896 
5 15726 
6 11572 
7 10988 
8 3508 

2 79766 
3 26252 
4 16110 
5 15339 
6 9152 
7 10988 
8 3508 

2 79766 
3 26252 
4 16110 
5 15265 
6 9152 
7 10988 
8 3508 

2 79766 
3 26252 
4 16110 
5 15339 
6 6864 
7 8241 
8 3508 

2 79766 
3 26252 
4 16110 
5 15339 
6 2278 
7 2278 
8 2278 

2 79766 
3 26252 
4 16110 
5 15339 
6 6864 
7 8241 
8 3508 

2 79766 
3 26252 
4 16110 
5 15265 
6 9152 
7 10988 
8 3508 

2 79766 
3 26252 
4 16110 
5 15339 
6 9152 
7 10988 
8 3508 

2 79766 
3 26252 
4 15896 
5 15726 
6 11572 
7 10988 
8 3508 

2 79766 
3 26252 
4 16036 
5 15405 
6 13720 
7 13727 
8 3508 

